0.21000000000000002 0.020268056392669678 3.507137298583984e-05 6.515979766845703e-06
0.22000000000000003 0.02541630506515503 3.8938522338867186e-05 7.335799080984933e-06
0.23000000000000004 0.024758522510528565 2.654552459716797e-05 6.40869140625e-06
0.24000000000000005 0.029660875797271728 3.8390159606933596e-05 6.953737010126528e-06
0.25000000000000006 0.028705034255981445 2.626657485961914e-05 6.4730644226074215e-06
0.26000000000000006 0.030847091674804688 2.71296501159668e-05 6.404876708984375e-06
0.2700000000000001 0.03284963846206665 2.6612281799316407e-05 6.630970881535456e-06
0.2800000000000001 0.03499226093292236 2.9854774475097656e-05 6.438891092936198e-06
0.2900000000000001 0.036892435550689696 3.0133724212646485e-05 6.431681769234793e-06
0.3000000000000001 0.03944352149963379 3.087043762207031e-05 6.40869140625e-06
0.3100000000000001 0.040860924720764163 3.000497817993164e-05 6.424268086751302e-06
0.3200000000000001 0.04289472341537476 3.107786178588867e-05 6.63818851594002e-06
0.3300000000000001 0.046617712974548337 3.211259841918945e-05 6.775408983230591e-06
0.34000000000000014 0.049084727764129636 3.3817291259765626e-05 8.16822052001953e-06
0.35000000000000014 0.05212436676025391 3.463506698608399e-05 7.3958845699534694e-06
0.36000000000000015 0.05509966373443603 3.696441650390625e-05 6.663458687918527e-06
0.37000000000000016 0.05376313209533692 3.458738327026367e-05 6.610287560356988e-06
0.38000000000000017 0.05528514862060547 3.540515899658203e-05 6.616437757337416e-06
0.3900000000000002 0.05766183376312256 3.607273101806641e-05 6.887410816393401e-06
0.4000000000000002 0.05845227479934692 3.534078598022461e-05 6.557366786858974e-06
0.4100000000000002 0.059834144115448 3.52787971496582e-05 6.5777301788330075e-06
0.4200000000000002 0.06138402223587036 3.5221576690673826e-05 6.6353635090153395e-06
0.4300000000000002 0.06254779815673828 3.5545825958251954e-05 6.559349241710845e-06
0.4400000000000002 0.06417442560195923 3.643989562988281e-05 7.062956344249637e-06
0.45000000000000023 0.06587007761001587 3.775358200073242e-05 6.737167185003107e-06
0.46000000000000024 0.06759136915206909 3.684759140014649e-05 6.857872009277344e-06
0.47000000000000025 0.0686152458190918 3.668069839477539e-05 6.644207498301631e-06
0.48000000000000026 0.06902665376663208 3.573179244995117e-05 6.405241945956615e-06
0.49000000000000027 0.07056500673294068 3.786325454711914e-05 6.5785646438598636e-06
0.5000000000000002 0.07157487630844116 3.8003921508789064e-05 6.703746562101403e-06
0.5100000000000002 0.07332212686538696 3.988027572631836e-05 6.633281707763672e-06
0.5200000000000002 0.07338053941726684 3.7758350372314454e-05 6.642248116287531e-06
0.5300000000000002 0.07474955081939698 3.7641525268554686e-05 6.977136318500225e-06
0.5400000000000003 0.07538609504699707 3.775358200073242e-05 6.608063319943986e-06
0.5500000000000003 0.0763040041923523 3.678321838378906e-05 6.48427892614294e-06
0.5600000000000003 0.07755137920379639 3.8652420043945314e-05 6.675026633522727e-06
0.5700000000000003 0.07827271223068237 3.757476806640625e-05 6.558554513113839e-06
0.5800000000000003 0.07927850246429444 3.647565841674805e-05 6.395641126130756e-06
0.5900000000000003 0.08069756507873535 3.756523132324219e-05 6.477750580886315e-06
0.6000000000000003 0.08152432918548584 3.876447677612305e-05 6.7508018622964116e-06
0.6100000000000003 0.0822286343574524 3.9260387420654294e-05 7.684469223022461e-06
0.6200000000000003 0.07437873125076294 3.905773162841797e-05 7.443818889680456e-06
0.6300000000000003 0.07511091470718384 3.744840621948242e-05 7.325372388285976e-06
0.6400000000000003 0.07627482891082764 3.810644149780274e-05 7.288191053602431e-06
0.6500000000000004 0.07702788114547729 3.874778747558594e-05 7.377192378044128e-06
0.6600000000000004 0.07739577770233154 3.682136535644531e-05 7.282183720515324e-06
0.6700000000000004 0.08049025774002075 4.19306755065918e-05 7.314826502944484e-06
0.6800000000000004 0.07914882898330688 3.978252410888672e-05 8.437882608442164e-06
0.6900000000000004 0.07887615203857422 3.862142562866211e-05 7.335438447840073e-06
0.7000000000000004 0.08043910503387451 4.073143005371094e-05 7.339698680932971e-06
0.7100000000000004 0.08242782831192016 4.027128219604492e-05 7.321970803397042e-06
0.7200000000000004 0.08135325431823731 4.111766815185547e-05 6.580285623039998e-06
0.7300000000000004 0.08214636325836182 4.046916961669922e-05 6.786187489827474e-06
0.7400000000000004 0.08275022506713867 3.9763450622558594e-05 6.636070878538367e-06
0.7500000000000004 0.08343232631683349 3.897190093994141e-05 6.589567339098131e-06
0.7600000000000005 0.0841360878944397 3.944635391235351e-05 6.510607401529948e-06
0.7700000000000005 0.08547225713729859 3.99470329284668e-05 6.935094532213713e-06
0.7800000000000005 0.08662132501602172 4.0059089660644534e-05 6.624320884803673e-06
0.7900000000000005 0.08623072862625122 3.946065902709961e-05 6.5754010127140924e-06
0.8000000000000005 0.08848217487335205 4.0981769561767575e-05 6.570634962637213e-06
0.8100000000000005 0.08926129579544068 4.020214080810547e-05 6.633162498474121e-06
0.8200000000000005 0.08926730394363404 4.007577896118164e-05 6.6215020638925055e-06
0.8300000000000005 0.08924468278884888 3.874540328979492e-05 6.584655947801543e-06
0.8400000000000005 0.09041622161865234 3.9870738983154294e-05 6.564324160656297e-06
0.8500000000000005 0.09249606847763062 4.0068626403808594e-05 6.6139016832624165e-06
0.8600000000000005 0.08234678268432617 4.018306732177734e-05 6.700291353113511e-06
0.8700000000000006 0.08214183807373047 3.9951801300048826e-05 6.5199718918911244e-06
0.8800000000000006 0.08336878538131715 4.1167736053466794e-05 6.5422606194156336e-06
0.8900000000000006 0.0837579083442688 4.166603088378906e-05 6.518797440962358e-06
0.9000000000000006 0.08918243646621704 4.13060188293457e-05 6.271051556876536e-06
