0.21000000000000002 6.04 0.0 6.0
0.22000000000000003 6.16 0.0 6.0
0.23000000000000004 6.08 0.0 6.0
0.24000000000000005 5.84 0.0 6.0
0.25000000000000006 6.09 0.0 6.0
0.26000000000000006 5.86 0.0 6.0
0.2700000000000001 6.14 0.0 6.0
0.2800000000000001 5.73 0.0 6.0
0.2900000000000001 6.2 0.0 6.0
0.3000000000000001 6.06 0.0 6.0
0.3100000000000001 5.82 0.0 6.0
0.3200000000000001 5.83 0.0 6.0
0.3300000000000001 6.01 0.0 6.0
0.34000000000000014 5.82 0.0 6.0
0.35000000000000014 6.1 0.0 6.0
0.36000000000000015 5.85 0.0 6.0
0.37000000000000016 5.92 0.0 6.0
0.38000000000000017 5.8 0.0 6.0
0.3900000000000002 5.84 0.0 6.0
0.4000000000000002 6.15 0.0 6.0
0.4100000000000002 6.03 0.0 6.0
0.4200000000000002 6.61 0.0 6.0
0.4300000000000002 5.96 0.0 6.0
0.4400000000000002 6.94 0.0 6.0
0.45000000000000023 6.18 0.0 6.0
0.46000000000000024 6.47 0.0 6.0
0.47000000000000025 6.35 0.0 6.0
0.48000000000000026 5.91 0.0 6.0
0.49000000000000027 5.93 0.0 6.0
0.5000000000000002 5.81 0.0 6.0
0.5100000000000002 6.28 0.0 6.0
0.5200000000000002 6.02 0.0 6.0
0.5300000000000002 6.74 0.0 6.0
0.5400000000000003 7.54 0.0 6.0
0.5500000000000003 6.47 0.0 6.0
0.5600000000000003 7.07 0.0 6.0
0.5700000000000003 7.19 0.0 6.0
0.5800000000000003 7.53 0.0 6.0
0.5900000000000003 7.44 0.0 6.0
0.6000000000000003 7.56 0.0 6.0
0.6100000000000003 68.26 0.0 6.0
0.6200000000000003 7.59 0.0 6.0
0.6300000000000003 7.66 0.0 6.0
0.6400000000000003 8.24 0.0 6.0
0.6500000000000004 8.73 0.0 6.0
0.6600000000000004 7.76 0.0 6.0
0.6700000000000004 73.22 0.0 6.0
0.6800000000000004 8.93 0.0 6.0
0.6900000000000004 7.58 0.0 6.0
0.7000000000000004 8.12 0.0 6.0
0.7100000000000004 7.69 0.0 6.0
0.7200000000000004 11.33 0.0 6.0
0.7300000000000004 9.49 0.0 6.0
0.7400000000000004 9.15 0.0 6.0
0.7500000000000004 8.58 0.0 6.0
0.7600000000000005 10.18 0.0 6.0
0.7700000000000005 13.43 0.0 6.0
0.7800000000000005 10.34 0.0 6.0
0.7900000000000005 11.92 0.0 6.0
0.8000000000000005 11.09 0.0 6.0
0.8100000000000005 11.26 0.0 6.0
0.8200000000000005 16.91 0.0 6.0
0.8300000000000005 13.42 0.0 6.0
0.8400000000000005 19.16 0.0 6.0
0.8500000000000005 9.07 0.0 6.0
0.8600000000000005 11.43 0.0 6.0
0.8700000000000006 14.54 0.0 6.0
0.8800000000000006 27.36 0.0 6.0
0.8900000000000006 15.93 0.0 6.0
0.9000000000000006 105.6 0.0 6.0
