0.21000000000000002 0.027583413124084473 3.768444061279297e-05 1.0170698165893554e-05
0.22000000000000003 0.030930817127227783 4.151582717895508e-05 9.056727091471354e-06
0.23000000000000004 0.032126433849334717 2.936840057373047e-05 8.941997181285512e-06
0.24000000000000005 0.03639853477478027 3.072977066040039e-05 9.851870329483696e-06
0.25000000000000006 0.03816464185714721 2.778053283691406e-05 8.975068728129068e-06
0.26000000000000006 0.041262426376342774 2.8500556945800783e-05 9.050369262695313e-06
0.2700000000000001 0.04426858186721802 3.032684326171875e-05 9.075494912954477e-06
0.2800000000000001 0.047467889785766604 3.0827522277832034e-05 9.138849046495226e-06
0.2900000000000001 0.05005685329437256 3.0155181884765626e-05 9.09839357648577e-06
0.3000000000000001 0.053031601905822755 2.9153823852539063e-05 9.103643483129041e-06
